%YAML:1.0
---
#####################################################################
# 哨兵云台
#####################################################################
K: !!opencv-matrix
   rows: 3
   cols: 3
   dt: d
   data: [ 1.3089598014806672e+03, 0., 6.4059194776338290e+02, 0.,
       1.3056417828871824e+03, 5.0863437876649300e+02, 0., 0., 1. ]
D: !!opencv-matrix
   rows: 1
   cols: 5
   dt: d
   data: [ -8.1696952227512845e-02, 1.1523986655776987e-01,
       3.4847351749622366e-03, -1.0317409049499926e-02,
       2.9265256829639918e-01 ]
Rcb: !!opencv-matrix
   rows: 3
   cols: 3   
   dt: f
   data: [ -1., 0., 0.,
           0., 0., 1.,
           0., 1., 0. ]
Tcb: !!opencv-matrix
   rows: 3
   cols: 1
   dt: f
   data: [ 4.5e-02 , -5.5e-02,  11.6e-02 ]
