%YAML:1.0
---
#####################################################################
# 步兵摄像头3
#####################################################################
K: !!opencv-matrix
   rows: 3
   cols: 3
   dt: d
   data: [ 1.7013538124460388e+03, 0., 6.4173129036769626e+02, 0.,
       1.7012800487630871e+03, 5.0818602912530412e+02, 0., 0., 1. ]
D: !!opencv-matrix
   rows: 1
   cols: 5
   dt: d
   data: [ -6.1235043150496105e-02, 2.5540700154407570e-01,
       -9.9103977111024834e-04, 6.3708354286189268e-04,
       3.1256438663836028e-01 ]

R_c2i: !!opencv-matrix
   rows: 3
   cols: 3
   dt: f
   data: [ 1, 0, 0,
         0, 1, 0,
         0, 0, 1 ]

T_c2i: !!opencv-matrix
   rows: 3
   cols: 1
   dt: f
   data: [ 0.075, -0.044, 0.043 ] # 0.075, -0.044, 0.043
