%YAML:1.0
---
#####################################################################
# 步兵摄像头3
#####################################################################
K: !!opencv-matrix
   rows: 3
   cols: 3
   dt: d
   data: [ 1.7016341995035004e+03, 0., 6.3822666364599365e+02, 0.,
       1.7017626191245806e+03, 5.2397237105879287e+02, 0., 0., 1. ]
D: !!opencv-matrix
   rows: 1
   cols: 5
   dt: d
   data: [ -6.6712888808228052e-02, 2.8428886518340901e-01,
       1.8176318191115694e-04, 8.7249740271608082e-05,
       3.3675457027086786e-01 ]

R_c2i: !!opencv-matrix
   rows: 3
   cols: 3
   dt: f
   data: [ 1, 0, 0,
         0, 1, 0,
         0, 0, 1 ]

T_c2i: !!opencv-matrix
   rows: 3
   cols: 1
   dt: f
   data: [ 0.0, 0.0, 0.0 ] # 0.075, -0.044, 0.043
