%YAML:1.0
---
#####################################################################
# 步兵4摄像头 (calibrated at 2026.1)
#####################################################################
K: !!opencv-matrix
   rows: 3
   cols: 3
   dt: d
   data: [ 3.3533116377925949e+03, 0., 6.3479540297046469e+02, 0.,
       3.3525085380694040e+03, 5.2616180885798121e+02, 0., 0., 1. ]
D: !!opencv-matrix
   rows: 1
   cols: 5
   dt: d
   data: [ 3.4446730036488418e-02, -5.8661012480604147e-01,
       -5.4617067709384574e-04, 3.1036718536123361e-04,
       -2.3029024987352216e+00 ]

R_c2i: !!opencv-matrix
   rows: 3
   cols: 3
   dt: f
   data: [ 1, 0, 0,
         0, 1, 0,
         0, 0, 1 ] 

T_c2i: !!opencv-matrix
   rows: 3
   cols: 1
   dt: f
   data: [ 0.075, -0.044, 0.043 ] 
