%YAML:1.0
---
#####################################################################
# 步兵4摄像头 (calibrated at 2026.1)
#####################################################################
K: !!opencv-matrix
   rows: 3
   cols: 3
   dt: d
   data: [ 3.3676356559182559e+03, 0., 6.3634979627929511e+02, 0.,
       3.3669028916998691e+03, 5.0568254162756466e+02, 0., 0., 1. ]
D: !!opencv-matrix
   rows: 1
   cols: 5
   dt: d
   data: [ 5.7091791569534962e-03, 8.7873574803509313e-01,
       -1.6626284788171975e-03, 4.2676835679295331e-04,
       -2.3190720567889876e+01 ]

R_c2i: !!opencv-matrix
   rows: 3
   cols: 3
   dt: f
   data: [ 1, 0, 0,
         0, 1, 0,
         0, 0, 1 ] 

T_c2i: !!opencv-matrix
   rows: 3
   cols: 1
   dt: f
   data: [ 0.0, -0.0974, -0.009 ]
