%YAML:1.0
---
#####################################################################
# 步兵摄像头3
#####################################################################
K: !!opencv-matrix
   rows: 3
   cols: 3
   dt: d
   data: [ 2.5157266403695344e+03, 0., 6.2621982489200730e+02, 0.,
       2.5160539480386988e+03, 5.0920708925649370e+02, 0., 0., 1. ]
D: !!opencv-matrix
   rows: 1
   cols: 5
   dt: d
   data: [ 6.1959497277385084e-03, 3.1626741354688959e-01,
       -7.8704179846656374e-04, 5.3948780684147997e-04,
       -2.0173741155452497e-02 ]

R_c2i: !!opencv-matrix
   rows: 3
   cols: 3
   dt: f
   data: [ 1, 0, 0,
         0, 1, 0,
         0, 0, 1 ]

T_c2i: !!opencv-matrix
   rows: 3
   cols: 1
   dt: f
   data: [ 0.075, -0.044, 0.043 ] # 0.075, -0.044, 0.043
