%YAML:1.0
---
#####################################################################
# 步兵4摄像头 (calibrated at 2026.1)
#####################################################################
K: !!opencv-matrix
   rows: 3
   cols: 3
   dt: d
   data: [ 3.3461972402371175e+03, 0., 6.4284726903747583e+02, 0.,
       3.3468443992496677e+03, 5.2599188496584441e+02, 0., 0., 1. ]
D: !!opencv-matrix
   rows: 1
   cols: 5
   dt: d
   data: [ 3.2701639639094058e-03, 2.2426094270078720e-01,
       -4.7905739701250161e-04, 6.2231313332651984e-04,
       -9.7012048527343673e+00 ]

R_c2i: !!opencv-matrix
   rows: 3
   cols: 3
   dt: f
   data: [ 1, 0, 0,
         0, 0.992546, -0.121869,
         0, 0.121869, 0.992546 ] 
   
   #  [ 1, 0, 0,
   #       0, 0.9848, 0.1736,
   #       0, -0.1736, 0.9848 ] 

T_c2i: !!opencv-matrix
   rows: 3
   cols: 1
   dt: f
   data: [ 0.055, -0.148, 0.116 ] 
