%YAML:1.0
---
#####################################################################
# 步兵摄像头3
#####################################################################
K: !!opencv-matrix
   rows: 3
   cols: 3
   dt: d
   data: [ 1.7115103650444241e+03, 0., 6.3723837307507461e+02, 0.,
       1.7112066712605676e+03, 5.2141981119990794e+02, 0., 0., 1. ]
D: !!opencv-matrix
   rows: 1
   cols: 5
   dt: d
   data: [ -6.1261697041191082e-02, 2.3377521637923018e-01,
       -8.9927136909465630e-04, 2.0486933045032443e-04,
       4.9252108134626899e-01 ]

R_c2i: !!opencv-matrix
   rows: 3
   cols: 3
   dt: f
   data: [ 1, 0, 0,
         0, 1, 0,
         0, 0, 1 ]

T_c2i: !!opencv-matrix
   rows: 3
   cols: 1
   dt: f
   data: [ 0.075, -0.044, 0.043 ] # 0.075, -0.044, 0.043
