%YAML:1.0
---
#####################################################################
# 步兵摄像头3
#####################################################################
K: !!opencv-matrix
   rows: 3
   cols: 3
   dt: d
   data: [ 1.7187454167271351e+03, 0., 6.3777762561243435e+02, 0.,
       1.7187041349839724e+03, 5.2650592679631870e+02, 0., 0., 1. ]
D: !!opencv-matrix
   rows: 1
   cols: 5
   dt: d
   data: [ -5.7939620724988046e-02, 1.9623361413731638e-01,
       2.8184755665593274e-05, -6.9537056206034245e-04,
       6.1206564689397336e-01 ]

R_c2i: !!opencv-matrix
   rows: 3
   cols: 3
   dt: f
   data: [ 0.9996573, 0., 0.0261770,
           0., 1., 0.,
           -0.0261770, 0., 0.9996573 ]

T_c2i: !!opencv-matrix
   rows: 3
   cols: 1
   dt: f
   data: [ 0.075, -0.044, 0.063 ] # 0.075, -0.044, 0.043
