%YAML:1.0
---
#####################################################################
# 步兵4摄像头 (calibrated at 2026.1)
#####################################################################
K: !!opencv-matrix
   rows: 3
   cols: 3
   dt: d
   data: [ 3.3594143533741612e+03, 0., 6.2591700880627957e+02, 0.,
       3.3601093929287240e+03, 5.1405735648460939e+02, 0., 0., 1. ]
D: !!opencv-matrix
   rows: 1
   cols: 5
   dt: d
   data: [ 1.4124474886862221e-02, 3.0746760424172781e-01,
       -2.0291712263502404e-03, 1.2303223254983785e-03,
       -1.0791904825821103e+01 ]
R_c2i: !!opencv-matrix
   rows: 3
   cols: 3
   dt: f
   data: [ 1, 0, 0,
         0, 1, 0,
         0, 0, 1 ] 

T_c2i: !!opencv-matrix
   rows: 3
   cols: 1
   dt: f
   data: [ 0.045, -0.055, 0.116 ]
