%YAML:1.0
---
#####################################################################
# 步兵摄像头3
#####################################################################
K: !!opencv-matrix
   rows: 3
   cols: 3
   dt: d
   data: [ 1.3046566651291664e+03, 0., 6.3822009539994565e+02, 0.,
       1.3048570665923921e+03, 5.2382074884457211e+02, 0., 0., 1. ]
D: !!opencv-matrix
   rows: 1
   cols: 5
   dt: d
   data: [ -8.6382983876592365e-02, 2.1980605056735536e-01,
       -2.0009234992125527e-04, 9.0390546414968645e-05,
       3.6324666918016058e-02 ]

R_c2i: !!opencv-matrix
   rows: 3
   cols: 3
   dt: f
   data: [ 1, 0, 0,
         0, 1, 0,
         0, 0, 1 ]

T_c2i: !!opencv-matrix
   rows: 3
   cols: 1
   dt: f
   data: [ 0.075, -0.044, 0.043 ] # 0.075, -0.044, 0.043
