%YAML:1.0
---
#####################################################################
# 无人机摄像头 (calibrated at 2026.3.6)
#####################################################################
K: !!opencv-matrix
   rows: 3
   cols: 3
   dt: d
   data: [ 3.4031601183834487e+03, 0., 6.4689340233335781e+02, 0.,
       3.4069522850377034e+03, 5.7618588828535906e+02, 0., 0., 1. ]

D: !!opencv-matrix
   rows: 1
   cols: 5
   dt: d
   data: [ -2.3012724716790287e-01, -5.3090232404772945e-02,
       2.2109594338485666e-03, 1.4526678665840334e-03,
       2.0597958206982647e+00 ]

R_c2i: !!opencv-matrix
   rows: 3
   cols: 3
   dt: f
   data: [ 1, 0, 0,
         0, 1, 0,
         0, 0, 1 ] 

T_c2i: !!opencv-matrix
   rows: 3
   cols: 1
   dt: f
   data: [ 0.0, 0.045, 0.049 ] 
