%YAML:1.0
---
#####################################################################
# 步兵摄像头3
#####################################################################
K: !!opencv-matrix
   rows: 3
   cols: 3
   dt: d
   data: [ 2.4156762992050121e+03, 0., 6.5957581172426808e+02, 0.,
       2.4170225593339205e+03, 5.9688156693600263e+02, 0., 0., 1. ]
D: !!opencv-matrix
   rows: 1
   cols: 5
   dt: d
   data: [ -8.8979622422842561e-02, 1.4636831630453215e+00,
       8.7006922210269497e-03, 3.4221449937078020e-03,
       -8.3892432140218460e+00 ]
# Rcb: !!opencv-matrix
#    rows: 3
#    cols: 3
#    dt: f
#    data: [ -1., 0., 0.,
#            0., 0., 1.,
#            0., 1., 0. ]
# T for sentry
# Tcb: !!opencv-matrix
#    rows: 3
#    cols: 1
#    dt: f
#    data: [ 4.5e-02 , -5.5e-02,  14.0e-02 ] # [ 4.5e-02 , -5.5e-02,  11.6e-02 ]

# T for infantry
R_c2i: !!opencv-matrix
   rows: 3
   cols: 3
   dt: f
   data: [1,0,0
          ,0,1,0
          ,0,0,1]
   # # [1,0,0
   #        ,0,1,0
   #        ,0,0,1]  
# [ 0.99977322,  0.01286702, -0.01696885,
#           -0.01255326,  0.99975062,  0.01846926,
#            0.01720227, -0.01825206,  0.99968542]

T_c2i: !!opencv-matrix
   rows: 3
   cols: 1
   dt: f
   data: [0.075, -0.044, 0.043] # [0.075, -0.044, 0.043]
