%YAML:1.0
---
#####################################################################
# 步兵摄像头3 (calibrated at 2025.6.28)
#####################################################################
K: !!opencv-matrix
   rows: 3
   cols: 3
   dt: d
   data: [ 1.2547339395758343e+03, 0., 6.5664304062954375e+02, 0.,
       1.2570603247026204e+03, 5.4098497764486751e+02, 0., 0., 1. ]
D: !!opencv-matrix
   rows: 1
   cols: 5
   dt: d
   data: [ -1.0429179533418952e-01, 2.3006199092884119e-01,
       2.8035322942038280e-03, 2.1283759009656684e-03,
       -1.0136776077957418e-01 ]
# Rcb: !!opencv-matrix
#    rows: 3
#    cols: 3
#    dt: f
#    data: [ -1., 0., 0.,
#            0., 0., 1.,
#            0., 1., 0. ]
# T for sentry
# Tcb: !!opencv-matrix
#    rows: 3
#    cols: 1
#    dt: f
#    data: [ 4.5e-02 , -5.5e-02,  14.0e-02 ] # [ 4.5e-02 , -5.5e-02,  11.6e-02 ]

# T for infantry
R_c2i: !!opencv-matrix
   rows: 3
   cols: 3
   dt: f
   data: [1,0,0
          ,0,1,0
          ,0,0,1]
   # # [1,0,0
   #        ,0,1,0
   #        ,0,0,1]  
# [ 0.99977322,  0.01286702, -0.01696885,
#           -0.01255326,  0.99975062,  0.01846926,
#            0.01720227, -0.01825206,  0.99968542]

T_c2i: !!opencv-matrix
   rows: 3
   cols: 1
   dt: f
   data: [0.075, -0.044, 0.043] # [0.075, -0.044, 0.043] # [ 0.07338644, -0.02313337, 0.0934071 ]
